0 2.6330106594489076 -2.911657101232922 0.7495164135936655 -0.668052 -0.119791 0.76015 0.658402 -0.339326 -0.542064 0.786745 -0.29928 0.37334 0.912936
1 1.4255515038317252 -0.9464211408897396 0.74787888053661 -0.80072 0.0616159 0.514588 -0.39141 0.984457 0.153942 0.755228 0.495619 0.25782 -0.929158
2 2.858279640940008 0.2133640587814123 1.882957854186791 -0.439916 0.0922137 0.438537 -0.773439 -0.0570331 0.18508 0.888636 -0.0981649 -0.327298 0.695369
3 2.205290053658585 2.849053645395428 0.07390512759098136 -0.198582 -0.275691 0.437734 0.603793 0.355625 -0.694248 -0.934215 -0.872879 0.371444 -0.624767
4 2.898983589915616 -3.7261397996140353 1.5361991186381796 -0.62747 -0.685722 0.00692201 0.657915 0.351308 0.80834 -0.617777 -0.210957 0.412133 0.737848
5 3.854612253977768 0.3626331778326613 1.329188535559546 0.0300982 -0.774704 -0.02038 0.0206981 -0.903001 0.628703 -0.230683 0.275313 -0.0957552 -0.712036
6 2.6516541275062058 1.94287196939766 1.1080289287175529 -0.560424 0.260486 0.847025 0.475877 -0.0742955 -0.122876 0.701173 0.905324 0.897822 0.798172
7 3.071313821295099 3.9898007301295397 0.6884842277146799 0.778687 0.293424 -0.317035 -0.899664 0.533402 0.60666 0.397426 0.363843 0.808374 -0.374121
8 2.7364781233152464 -1.1306424637865766 0.9217608815108584 0.406373 -0.334216 -0.570952 0.518417 -0.483777 0.367148 -0.967645 0.690246 0.704822 0.201525
9 4.562525472340464 -3.1122833828707654 0.5586664360531849 -0.912169 -0.952274 -0.989848 -0.0254917 -0.414229 0.416525 0.640292 0.0148191 -0.0650582 -0.843484
10 3.2042772532965094 0.5772762774765009 0.75010010987781 0.886444 0.536411 -0.755827 -0.92347 0.0298719 -0.2014 -0.576869 -0.0947003 -0.679676 -0.383506
11 4.266101828782887 -2.98261836358455 1.4844403505803108 -0.429702 0.105475 0.35051 0.915419 0.248119 0.275612 -0.134254 -0.982863 0.992083 -0.272545
12 3.341457393957832 4.472805696062413 0.14218016775922204 0.576463 -0.646687 -0.349646 -0.331968 0.275812 -0.635994 -0.512945 -0.950849 -0.723773 -0.164673
13 1.77616533857662 0.896212858587092 1.2985292623326259 0.852588 0.948997 -0.608924 -0.319949 0.0753195 -0.711507 -0.573756 0.585132 0.723517 0.226092
14 2.31052583320438 2.0650480456471687 0.59470756114152 -0.0290799 -0.567086 0.587757 -0.891572 0.525357 -0.347806 -0.904516 0.643684 -0.287676 -0.0396132
15 4.895558789975591 1.2204090946444617 1.589203714780452 -0.713552 -0.760832 0.452289 0.493271 -0.0586519 -0.576791 0.926184 -0.470895 -0.468363 0.451542
16 2.3461691950371204 -2.4612391976370396 0.520074675394993 -0.39555 -0.433723 0.819057 -0.364152 0.784636 0.457805 0.913222 -0.491135 -0.781326 0.395482
17 5.032211087375556 2.1857066711586612 1.3390674619338128 -0.976509 0.160097 0.687787 -0.546377 0.630587 0.577181 -0.664703 0.282376 -0.906305 0.312197
18 1.877548239016388 1.7549054165979106 0.8173882101548153 0.231871 -0.929972 -0.924136 -0.07587 -0.734885 0.861307 -0.815021 0.280225 0.855412 0.68208
19 2.1360248711636167 2.14510850038796 1.802190261693806 -0.109843 -0.26309 -0.199704 0.541194 -0.0732437 -0.203421 -0.98106 0.243388 0.928497 -0.641563
20 2.8374553680243517 3.3463230055943245 1.5605747900257705 0.488299 0.432182 0.321931 -0.322143 -0.115444 -0.402603 -0.770812 0.189775 0.966994 -0.605677
21 1.3417969254902191 1.1232526866276995 0.6680083738482941 0.214773 -0.987756 -0.900134 -0.153244 0.0436689 0.109778 0.978118 -0.316755 -0.404618 -0.761552
22 1.0076973974661032 0.520285734418627 0.9278671633944797 0.475223 -0.779634 0.428466 0.599356 -0.722633 0.633335 -0.626099 0.820523 0.379017 -0.0113657
23 2.4260216585358987 1.2790179328365852 0.8249065836234126 -0.580536 0.47454 0.725557 -0.258271 -0.0866607 0.488779 0.339743 0.469085 -0.695875 -0.527021
24 4.834784951418769 3.394282049475647 0.06923816758978558 0.130379 -0.347084 0.229718 0.134605 0.786518 -0.196228 -0.872535 0.736948 0.437662 0.714286
25 2.8534886339292633 0.44210529075502636 0.612014022317611 0.00629616 -0.839189 0.0844932 0.801791 0.703573 0.366906 -0.338707 -0.797893 -0.21148 0.787819
26 3.1181060642504 -2.097575928397001 0.06968965125981214 0.901787 0.580917 -0.33954 -0.568724 0.985537 -0.796094 0.896412 -0.939148 -0.705186 0.321051
27 3.124727672169796 0.3966684885671242 1.6008773040943514 -0.551324 -0.194272 0.248272 0.341975 0.134538 0.796943 0.609249 -0.20802 0.135297 -0.158426
28 4.379606929070849 -1.8012682020412647 0.7464649158315034 0.193008 0.666363 0.0927851 0.475111 -0.423348 0.0427716 -0.72605 0.435016 -0.882414 -0.588014
29 3.3655401582242614 0.31707454858999806 0.17175889853594298 -0.241978 0.143178 0.553871 -0.138676 -0.320796 -0.377717 0.822066 0.838351 -0.0976505 0.778525
30 3.802337931531542 -2.183417784915149 1.3450513371304977 -0.760072 -0.486215 -0.436706 -0.224026 0.050745 0.34627 0.881768 -0.887554 -0.954168 0.720592
31 4.3161422869280015 -0.6293289890851577 1.1184933399427304 -0.672914 0.829044 -0.769119 -0.49239 -0.674706 0.514999 -0.895023 -0.781311 0.580249 -0.971832
32 2.3074249068960166 -0.9968665604500392 1.6865798772142067 -0.00636399 -0.584575 -0.36393 0.304101 -0.193619 0.603205 -0.665466 0.968772 0.0340513 -0.348282
33 1.252620535556116 -0.8027386030656989 0.5634318008482659 0.120047 -0.502016 -0.993436 0.433097 -0.95481 -0.670471 -0.602135 0.494314 -0.733372 0.0666969
34 3.031275570729654 -0.486356186543424 1.9871270648052897 0.116608 0.331907 0.15694 0.105878 0.469364 0.693325 -0.42406 -0.605678 -0.0889612 0.407338
35 3.334685372883839 3.009827194716368 0.5271601412215082 -0.843146 -0.360448 -0.944335 0.108137 -0.365138 0.172273 -0.559957 0.791802 -0.721849 0.909408
36 4.679816829132414 -1.4555249227282308 1.3890671650823025 -0.603834 -0.738571 -0.941274 -0.496732 -0.467398 -0.0419701 -0.382965 -0.167471 -0.291014 -0.686677
37 3.0998915965649085 -0.7024522943219295 1.3079303644715834 -0.964424 0.242944 0.598827 -0.235542 -0.715353 0.159202 0.696964 -0.32369 -0.978992 0.365484
38 4.393502257803783 2.020538942276513 0.5817511339406305 -0.204606 -0.293611 -0.620574 0.119343 0.210311 -0.342854 -0.26259 -0.476689 -0.585566 -0.981845
39 3.6255550676609607 -3.3928364566383795 0.5815842729805237 -0.335786 -0.976615 -0.252671 0.866443 0.314528 0.542723 -0.427168 0.693954 -0.337934 0.783143
40 4.29905197908485 4.073998973216288 0.2958862063328619 -0.0194843 -0.958109 -0.362872 -0.836531 -0.210987 -0.0851599 0.281379 -0.904037 0.576295 -0.434178
41 3.7687661831701798 1.4039223151263858 1.0866028631554092 -0.53821 -0.241297 0.966817 -0.299916 -0.308494 0.319435 -0.0608006 -0.557971 -0.426072 0.118989
42 1.9960230043085283 1.1419091313484009 1.8550082865457036 -0.685628 -0.898822 0.895947 -0.43948 -0.480146 0.686717 -0.338598 -0.0455099 -0.557105 -0.786587
43 4.685293557148784 2.479505997486664 1.7180307579885532 0.246289 -0.734244 0.857687 0.711649 -0.396586 -0.335372 -0.788246 -0.406796 0.361242 0.623127
44 2.3623052578523405 -1.167610883603033 0.2864119207721268 -0.831256 0.884638 -0.658704 0.416883 -0.97504 0.587585 0.682639 0.882647 0.299235 -0.713947
45 3.1526572060626803 -0.0789477157565599 0.517005903778581 0.851063 -0.435679 -0.809644 -0.65209 -0.29962 0.71618 -0.402194 -0.71381 0.632019 -0.394802
46 3.1197815078246065 -2.2843872554043445 1.9891467249364725 0.555612 -0.0635031 -0.323061 0.546593 -0.80524 0.271691 0.951359 -0.810283 -0.756589 0.0700127
47 2.5489852230511043 -0.8899315102415836 1.463593983544488 -0.0936731 -0.83534 0.944794 0.955683 -0.127341 -0.466801 -0.79611 0.778958 0.193467 -0.89758
48 2.0309769543676772 -0.1072847394719367 1.8000600284110269 0.384653 0.440501 0.56344 0.156334 0.709064 -0.828902 -0.884813 0.884342 -0.333832 0.469616
49 3.055204607656794 -2.4547931325584553 0.9624649424979091 -0.849612 0.374344 0.802779 0.84319 0.718721 0.747208 0.211618 -0.477605 0.935741 -0.463259
50 2.6377849820392107 -0.22266961594783638 1.4235074943792938 0.893951 -0.240427 0.252159 -0.459052 -0.280533 0.0532347 -0.67123 -0.990219 -0.309295 0.608814
51 3.907677230531992 3.4542435761804664 0.009196001066880172 -0.682051 -0.490977 -0.294158 0.970024 -0.958249 -0.130992 -0.135839 -0.769444 0.882317 -0.136955
52 4.740735152346503 -0.3271218295670977 0.18743055127402597 -0.248526 0.0802202 -0.411392 -0.617169 0.572425 0.607324 -0.572037 0.31277 -0.173838 0.117428
53 3.4091952621282986 4.1406610400759165 1.3946387762973498 0.99532 0.590263 0.711488 0.269044 -0.808145 0.399902 -0.867165 0.794583 -0.559657 0.663432
54 4.057597638631539 -2.295253713269248 1.3415704663274355 -0.427359 0.775921 0.652124 -0.909509 0.958261 -0.279309 0.999391 -0.668829 0.181551 -0.796148
55 2.618634332590875 -3.9313159090659946 0.3835450896481449 -0.779996 0.813062 -0.357626 -0.359384 0.784124 0.647352 -0.0206546 -0.820658 0.0840378 -0.670606
56 2.3619760263546357 2.0380917873153086 0.36144628524855094 -0.1118 0.694693 0.456766 -0.5967 -0.577949 -0.451614 -0.955974 -0.687135 -0.853858 0.842232
57 2.0960188565515017 2.317329820439352 0.3386392213275102 0.372091 0.0743567 -0.0935449 -0.313566 0.182262 0.992905 0.618629 0.611527 -0.794545 0.53586
58 2.965345315454435 -3.1121017198459113 0.5887411681357395 -0.460469 -0.897424 0.301542 0.897874 -0.258667 -0.357734 -0.390877 0.389051 -0.177514 0.350839
59 2.2069798057968657 0.4836086980040523 1.0533022650549255 -0.940505 -0.600729 -0.238767 -0.580786 0.748244 -0.73098 -0.496437 0.723859 0.554307 0.406393
60 4.41523889997277 -0.9377933135012284 0.7452063079482111 -0.274985 0.572889 0.186375 0.444509 -0.758508 0.172914 -0.800205 0.427282 -0.126281 -0.855589
61 4.526448888509509 -2.1314277424665904 0.8565979828732697 0.171102 -0.768509 -0.490057 0.945664 0.498485 -0.759256 -0.273491 -0.145119 -0.192172 -0.816709
62 3.9136889067187264 -1.9486696826940004 0.5544805774326803 0.937153 -0.879094 -0.981195 -0.979103 0.494458 0.812171 0.773809 0.502087 0.177656 -0.485632
63 4.64553968381878 -0.7084584347347995 0.31972450576770445 0.212909 -0.414764 0.782519 0.959326 -0.637233 0.865461 0.673005 -0.238837 -0.42424 -0.635409
64 2.054333505914221 -0.5166532419403003 0.8183356020290299 -0.618019 0.647359 -0.295216 -0.46367 0.597632 -0.260034 -0.304197 0.560956 -0.0307597 0.0843846
65 4.207330467640105 2.481441967879678 0.6516571540737325 -0.795487 -0.720086 -0.686969 -0.575654 0.538002 0.703765 -0.111635 0.464928 -0.56808 0.136501
66 2.8403430306025284 -1.3273478867694664 1.7889903704189345 0.101442 -0.220784 0.970955 -0.306813 0.708938 0.611461 -0.380323 -0.615484 0.794105 0.882025
67 2.5911229509338076 -3.1666142917380116 0.6339837671919673 0.397959 0.311063 -0.637894 -0.933105 0.925535 -0.174256 0.488085 -0.817715 -0.415788 0.428571
68 4.442778061036737 1.3384285831782483 1.982972666791576 -0.096301 -0.22972 -0.509116 -0.342164 -0.79133 0.175313 -0.456338 -0.375722 -0.831941 -0.453364
69 4.739387656462754 3.0175052282480417 0.17223736801261497 0.462907 0.292218 0.401816 -0.864825 -0.924028 -0.0529982 -0.704459 -0.271302 -0.372097 0.223167
70 2.8729263868276402 0.24192909334982296 0.5069294242893305 0.998324 0.105745 0.0862737 0.594672 -0.449394 -0.0394911 -0.7548 -0.387831 0.649842 -0.0564423
71 2.011004555921867 2.6162188417546792 0.142490443254214 -0.965168 0.0160025 -0.959596 0.0446268 -0.0244993 0.471784 0.384076 -0.125848 -0.745689 -0.576388
72 3.3901687777259877 -1.6497899753074672 0.8102754153050099 -0.460616 0.960591 -0.609741 0.583099 0.471618 -0.21904 -0.934873 -0.799917 -0.56627 0.618537
73 4.095674142894371 -2.785172247322264 1.8380329933913373 0.860286 -0.660656 -0.115345 -0.0372115 0.551696 0.655959 0.709564 0.829646 0.619264 -0.0252347
74 4.1109459952499146 1.9798147399088875 1.3079028701597888 -0.362087 -0.842118 -0.468483 0.0544382 0.335238 0.985881 0.903623 0.868435 -0.725138 -0.841041
75 3.3546769591727763 -4.140369247930999 0.8960533442584884 0.803224 0.547991 0.978295 0.786134 -0.0112064 -0.710838 0.217488 0.0670888 -0.89949 0.00686336
76 3.240203246493142 3.006156345097739 1.748661610432783 -0.96694 0.123211 0.476778 -0.382044 0.674013 0.280002 -0.834053 0.652308 0.0661361 0.15474
77 2.971382240845742 2.7687304334480207 0.9864202078147267 -0.931117 0.63372 0.456095 -0.00985324 0.642471 0.472266 0.0661508 0.592692 0.77206 0.363984
78 2.8492155483256885 -4.447534647804473 0.24476998123741542 -0.835121 0.169259 0.57995 0.177405 -0.359777 -0.774065 -0.586768 0.880537 -0.163871 -0.276208
79 1.445404901164136 0.6767599682634665 0.956006117534794 -0.03407 0.870361 0.574175 0.381922 -0.88602 0.373035 -0.0171531 -0.378772 0.737805 0.922747
80 3.7582030467121497 1.286526282884704 0.8361913868093872 -0.160221 0.886654 -0.824488 -0.898695 -0.269928 -0.576077 -0.690181 -0.360302 -0.457166 0.310668
81 4.582609418405494 1.3651844420408663 0.6922093533421753 -0.426205 -0.741321 0.567446 0.887447 0.205347 -0.923181 -0.730775 0.682368 0.137528 0.783253
82 3.274617805524568 0.32090681251803316 0.8182765833604082 -0.0250311 -0.80992 -0.385503 0.413624 -0.890219 0.26532 0.938122 -0.916241 -0.188038 0.485644
83 3.150395028979645 -0.3534918210835079 0.7214328279245219 0.683682 -0.00590533 0.276129 -0.692478 0.992478 -0.0830001 0.349253 0.969964 0.785632 -0.163421
84 1.6964262036104025 1.9320211679751393 1.7005656766628492 0.0400809 0.470501 -0.1505 0.457585 0.206553 0.357194 -0.551792 -0.154997 0.624475 -0.290177
85 2.6366985786740984 1.6378968062140329 0.04532960355401823 -0.684991 0.304373 0.477344 -0.594265 -0.0762612 -0.562557 -0.151368 0.511633 0.531866 -0.49773
86 5.166018691495735 -3.319420767242078 0.14650562067277637 -0.561728 -0.0448976 0.899641 -0.0676628 0.768636 0.934554 -0.632469 -0.083922 0.560448 0.532895
87 5.0783468753798795 -0.592021656673117 0.3551887678813472 -0.336279 0.631708 0.785692 0.782272 0.374045 -0.721866 -0.334157 0.814903 0.278231 0.493775
88 5.072924957901269 2.9143848861785204 0.7113526516701119 -0.9033 0.696812 -0.3423 -0.349221 -0.425908 -0.177421 0.820038 -0.845958 0.999984 -0.53974
89 5.261759034548681 0.5341710552127539 1.078551224522239 -0.199543 0.783059 -0.433371 -0.295083 0.615449 0.838053 -0.860489 0.898654 0.0519907 -0.827888
90 4.408135903879161 4.22425403644779 1.5414468261791576 -0.320536 0.102604 0.432494 0.855246 0.693223 -0.335636 0.925274 0.769087 0.588494 -0.809611
91 5.339488916355855 -1.8112400856904616 1.959425124785732 0.707552 0.0465425 0.643557 0.921335 -0.760497 -0.668131 0.71857 -0.23866 -0.9401 0.714319
92 5.41675132925199 -0.8173879798131828 1.4953174520974417 -0.689763 -0.197455 0.600062 -0.265944 -0.730354 -0.73325 0.596232 -0.258049 0.675264 -0.0269231
93 5.268484999626893 1.1478118302041855 0.13512078617421652 0.813511 -0.610904 0.266864 0.0363978 0.0707968 -0.301128 0.532009 -0.522292 -0.116626 0.448443
94 4.874815402807795 -4.0288617749723565 1.2335894673304708 -0.621873 0.182221 -0.893121 -0.797092 -0.68545 -0.511703 -0.727659 0.178237 -0.883895 0.779106
95 5.08135617719617 3.81337689890624 1.2447396807041136 -0.484123 -0.101959 0.631811 0.100988 0.821452 -0.758332 0.377152 -0.607818 -0.358456 0.887305
96 5.428866658628264 -3.0129414247230133 1.0791977438964242 0.686459 0.12783 0.879583 0.152096 0.0269817 -0.478074 0.0907115 -0.573812 -0.495895 -0.935992
97 5.554947717346645 -0.16895677495868416 1.8700061114406386 0.314044 -0.894541 -0.715906 0.712615 -0.72064 0.685969 -0.680273 0.160772 0.851594 -0.0349736
98 5.737141523945252 2.7761998925886187 1.860117264755808 -0.689327 -0.414222 0.764408 -0.267944 0.798863 0.495275 -0.0483887 -0.454026 0.893281 -0.755348
99 5.217139481225664 -3.520079542502635 1.9142756885853287 0.801076 0.787821 0.290315 0.63747 0.280045 -0.695697 0.927979 -0.375611 0.535947 -0.284564
100 5.778800813120083 2.6153016705895746 0.3130204049111501 -0.751589 -0.791486 0.909627 -0.881089 0.00084877 -0.543338 -0.396211 -0.730343 0.0485721 0.563291
101 4.57680582796609 -4.779399151637332 0.597383580205979 0.104633 0.839182 0.371973 0.619571 0.395696 -0.376099 0.291778 -0.98799 0.0659196 0.687819
102 6.007900295254879 3.0074156334744693 0.7494673354322647 -0.649174 -0.910541 0.919433 0.550115 -0.774071 0.72253 -0.585487 0.988392 0.0722291 0.335817
103 5.97742248874753 -1.836481404278843 0.42291666938167066 0.190165 0.666708 -0.509278 -0.55267 -0.599717 0.492793 0.990549 0.681135 -0.994149 -0.586974
104 5.781811741527333 3.163452698204603 1.4577043949844044 -0.537161 -0.104235 0.767242 -0.609602 0.661625 -0.24364 -0.144066 0.391348 -0.441663 0.917017
105 5.683037963409002 3.6193829184640567 1.1232246510475354 -0.982471 -0.385862 -0.778247 0.712827 -0.926006 -0.086434 -0.979104 -0.148568 0.487541 0.0928016
106 6.071927563365039 2.1168679149277896 0.008459836264758018 0.531855 -0.683572 0.0752114 -0.0770754 0.254499 -0.0478764 0.292591 -0.635768 -0.449296 0.73695
107 5.839672371545396 -3.8014711624031055 0.06265223490135116 -0.435928 0.828931 -0.0142737 -0.339049 0.42988 0.542055 -0.0487353 0.727505 -0.320059 -0.841002
108 4.5978218914186355 4.753719936079416 1.3670485042397125 0.973209 0.656893 -0.909723 -0.257887 -0.357633 -0.704345 -0.648674 0.72541 -0.382137 0.659432
109 6.121072950381137 -1.246426043630813 0.9393820993487583 0.0649189 -0.179069 0.213072 0.375913 -0.723676 0.258259 -0.208918 0.43046 0.730665 0.656339
110 5.130294255873144 -4.475169437478183 0.26416493341535296 -0.719019 -0.916792 0.246538 0.963125 -0.633256 0.512292 0.306858 0.825865 -0.760669 -0.0481229
111 5.901228913338899 3.449518189468245 1.7139664535976507 0.925102 -0.0496722 -0.230982 -0.283529 0.861709 0.833702 -0.793513 0.801793 0.751209 -0.616456
112 6.41706596910208 2.1494273416319647 1.8677736430144405 0.427898 -0.388001 -0.687436 -0.101055 0.798478 -0.135643 -0.687554 -0.449847 0.534066 -0.36603
113 6.28278450037316 1.3952105331929412 1.2921311672260838 0.199062 -0.585708 0.540179 -0.504498 -0.350252 0.643875 -0.537669 -0.699898 -0.801634 -0.915805
114 5.494762458572408 -4.2760346624209555 0.7455806679853006 0.305684 -0.907316 -0.316612 0.692226 0.810072 0.842731 -0.436599 -0.33115 -0.318227 0.931486
115 6.248309564691822 3.0280428870834726 1.570885864631053 -0.566585 0.812114 -0.780023 -0.429643 -0.499277 -0.173557 0.15871 -0.497373 -0.879109 -0.548088
116 6.263373686408412 2.9490534187004176 0.9617980808129797 -0.274231 0.523743 0.819922 0.592757 0.627347 -0.0786369 -0.628028 0.598301 0.61455 -0.91909
117 6.5658511950364495 -2.4393310622603477 1.8553368506730397 -0.380078 0.307574 -0.981295 0.219472 0.211274 -0.992276 0.662646 0.0984751 0.0529006 -0.754404
118 6.600988807455713 1.2279164943188263 0.3697648598935663 -0.130899 -0.639431 -0.791487 0.728055 -0.534387 -0.883705 -0.385223 0.30321 -0.41933 -0.709572
119 6.465369452595423 1.8414101383290329 1.422486843320313 -0.25091 -0.909769 -0.957132 -0.276385 -0.538913 -0.19373 0.834641 0.788711 -0.242036 -0.217299
120 6.618374912953987 -2.104107479860036 1.1280514964650123 0.59688 0.823295 -0.604897 -0.329554 0.536459 -0.444451 0.10794 -0.0452059 0.257742 -0.270431
121 6.432229048818464 -3.53403048665883 1.0889941205008373 0.935452 -0.559892 -0.752325 0.441175 0.377085 -0.415874 0.38997 0.463914 0.125731 -0.119687
122 6.710731377646818 3.323441357014066 1.0156011930315703 0.0431653 -0.895202 0.513693 0.624011 -0.858383 0.717789 -0.366397 0.305536 0.155797 0.253145
123 6.762121049381953 3.3396093452518136 0.1777406494041578 0.321336 0.0155724 0.254602 -0.56322 0.335345 0.86228 0.298069 0.159584 -0.579669 0.43009
124 6.681401812305176 1.2951112117233643 1.7306781959080004 -0.634193 0.0610135 0.746433 -0.34739 0.580688 -0.910602 -0.255151 0.208403 0.0479094 -0.447927
125 6.596137122981582 -3.3473709052935896 1.4630918183384796 -0.950739 -0.958014 0.271929 0.861333 0.39595 -0.565019 -0.727786 0.599732 -0.391106 0.123207
126 6.561945377846732 3.6574565573008124 0.4750312063270854 -0.0398604 -0.0157242 -0.345779 -0.342176 0.656443 -0.0332394 0.506484 -0.175418 0.596314 -0.699246
127 6.517359055427337 3.5718963608665795 0.6458678396528823 0.17166 -0.836515 -0.121397 0.386527 0.220197 0.00337672 -0.998224 0.479 -0.172198 -0.665477
128 6.8947563285830995 -0.5353857197433014 1.826690659131256 0.0807773 -0.583649 -0.526938 0.331644 -0.266434 0.87263 -0.659558 0.891217 -0.216417 -0.144001
129 6.8689349833693045 2.571576375187405 0.5331217825488532 0.00207019 0.543219 0.280851 -0.486941 -0.577524 0.189369 0.647174 0.824618 -0.911852 -0.581235
130 6.875461516755015 -2.206628361538409 0.12498958355451793 -0.192771 0.606247 -0.693634 -0.378346 0.571451 -0.571722 -0.311828 -0.331648 -0.65471 0.143678
131 6.936384078217086 2.5269886728211115 0.5072459492482797 0.921483 0.479119 -0.389221 0.336127 0.177424 -0.393901 -0.0736098 -0.111088 0.875143 0.118245
132 6.80144261885879 -3.0342026854215813 1.7077657756214872 -0.345534 -0.0621218 -0.969415 -0.540039 -0.308712 0.448221 -0.232275 0.48345 -0.18034 -0.289997
133 7.162537516412464 2.467860193528618 0.8766250463546934 0.849079 -0.631868 -0.435432 -0.665669 -0.594046 0.25225 -0.647522 -0.746662 -0.544896 0.893849
134 7.082739538425866 0.9194109750101309 0.15608895837364076 0.713652 0.819024 -0.226661 0.912222 -0.651729 -0.624614 -0.505664 -0.279671 0.83479 0.25576
135 7.1619501198471065 0.7419287239979729 0.236681325752788 -0.920895 -0.0143145 0.299817 -0.641617 0.896507 0.764454 0.970399 -0.759259 -0.629835 0.61629
136 7.074100616248963 -0.023508065100972513 0.0562823112906398 -0.0882902 0.201696 -0.299839 -0.722891 -0.561019 0.660301 0.261384 0.0932024 -0.681875 -0.082173
137 6.607858102756992 -3.9707622889396146 0.09679825427468335 -0.779044 -0.881711 0.747622 0.545106 -0.847159 0.253389 -0.226343 -0.00634754 -0.863219 -0.499015
138 6.919815751885844 3.6652034120412735 1.1458918770306343 -0.227403 -0.719324 -0.146891 -0.79322 0.200811 0.935388 -0.781533 0.738179 -0.681351 0.605207
139 7.38913677641848 1.6284838413469602 0.8550764843373267 -0.631889 -0.14868 0.24385 -0.468834 -0.120378 0.500721 -0.465912 -0.957167 -0.767775 0.978964
140 7.322437302201588 -0.751334910250608 1.2034937292636418 -0.0264319 -0.806796 -0.525327 0.974384 0.165895 0.0992548 -0.452846 0.214262 0.022279 0.736593
141 7.071377651802958 3.445334943824542 1.581879759330749 0.0508676 -0.749369 0.0661669 0.733403 0.568444 -0.535874 0.0444659 0.93055 -0.468979 -0.029999
142 7.112352309996507 -3.4351522161097967 1.9370735498852458 -0.507049 -0.610105 -0.744515 -0.797753 0.169996 -0.879082 -0.834846 -0.715421 0.538149 0.979083
143 7.584842300998153 -2.03419602472525 1.0795105820762583 -0.717587 -0.140497 -0.501465 0.421614 0.126526 0.118498 -0.0175725 -0.599664 0.530116 -0.298198
144 6.975603183009651 -3.845960915987168 1.00270405278849 -0.0441139 -0.956403 0.659507 -0.976064 0.204442 0.86307 -0.949382 0.181205 0.342271 0.153447
145 7.43104385622695 -0.7640903498648229 0.7198058088985723 0.85717 0.0853071 -0.75142 0.230527 0.343604 -0.290332 0.169706 -0.685386 -0.0704218 -0.999179
146 7.530925020189434 -0.5517486501188852 1.342072168017212 0.024256 0.927912 0.36761 -0.955498 -0.945418 -0.592501 -0.776592 0.316644 0.55347 -0.315855
147 7.1177521621081254 -4.034118583585005 0.08437516242476797 -0.955659 -0.738041 0.999303 0.966078 -0.277763 -0.824436 -0.270611 0.533725 -0.593608 -0.772939
148 7.68217428480865 1.823463703228381 0.504862173809416 -0.722288 0.11791 0.30695 -0.338545 0.284443 -0.383251 -0.817473 -0.673885 0.819384 -0.00643522
149 7.692795349739418 -2.2793460603800275 0.42044978387644033 -0.202965 0.887581 -0.019486 -0.533325 0.958634 0.614818 -0.650272 -0.993072 -0.402612 0.23255
150 7.922821817301257 0.04895922981754421 0.8154851020759725 -0.355171 0.119763 0.030104 0.57974 -0.776874 0.113401 -0.858381 0.0912749 0.510062 -0.160752
151 7.746066043409346 -1.7816267476894032 1.2205149240988225 0.0396359 0.446079 -0.307351 -0.980977 0.211523 -0.496387 0.825841 0.690852 0.306763 -0.330148
152 7.6169795160973175 -2.3472029568918384 0.5759531024340044 0.0018822 -0.219462 -0.828347 -0.864169 -0.211725 0.0753521 -0.0938888 0.27916 0.733188 0.114781
153 7.915896373808808 0.29760659235198966 1.3844849655999305 -0.594425 0.268688 0.0260472 -0.746842 0.114005 -0.975397 0.601416 -0.740525 -0.641723 0.168242
154 8.021278630748299 1.8157571100556433 0.7136107072865976 -0.633416 0.235294 0.650902 -0.701771 0.53871 0.0101142 0.731754 0.141226 -0.270936 -0.17257
155 8.138308417862158 -2.08360569521327 1.4791832069235054 0.878587 -0.488343 0.344356 0.95008 -0.844064 0.895788 -0.712365 -0.433216 0.99932 -0.314474
156 8.051949880059759 1.6460300272639186 0.4229013015996837 -0.708016 0.952959 -0.912045 0.661734 -0.800893 -0.0453834 0.704121 -0.939105 -0.362943 -0.465606
157 8.16086632060328 -1.3160319837786851 0.6858505187461718 0.710472 0.986346 -0.0553367 0.718451 -0.100825 0.67382 0.389862 0.793649 0.140742 0.951503
158 8.039673559680503 -2.7055391185102042 0.4463739261363805 0.346829 -0.458656 0.423486 0.41353 0.468733 0.543114 -0.889143 -0.39619 -0.120481 -0.96802
159 6.799410669151612 4.510223898032965 1.2455035095077434 -0.759037 0.987209 0.750335 -0.560071 -0.569532 0.217455 0.0943798 0.791583 -0.27677 0.679391
160 8.331314589789173 -1.4635369093551882 1.1415552808100853 -0.72231 0.4106 -0.53487 0.194227 -0.98424 0.638203 -0.053909 0.0454577 0.58184 -0.74639
161 8.396595713728393 0.3192500366343377 1.660289734232495 0.722535 0.901922 0.258614 -0.405867 -0.0975846 0.818708 0.221926 -0.723734 -0.657121 0.658118
162 5.525124027735245 5.405403482144649 1.1664856788873998 -0.820211 -0.330187 0.6289 0.169044 -0.231841 0.0135528 -0.390455 -0.668401 -0.830113 -0.681391
163 8.719735213644237 -1.78236070588934 1.3597122797193346 -0.687846 0.491746 0.186826 0.327141 0.389794 0.991906 -0.890935 0.123171 0.665086 0.546839
164 8.573112780730545 -0.9198938799815912 0.5174321240455144 -0.00639963 0.660534 -0.733744 -0.661257 0.72882 -0.171122 -0.631969 0.176289 0.743861 -0.60895
165 8.369174828985932 -2.9250907624710507 1.1926871870420823 -0.672385 0.0151979 0.61662 -0.0239043 0.12962 -0.610402 -0.735357 0.041696 0.00120044 0.342414
166 8.547008065779417 -1.8296131329467888 1.5331404734712735 0.24774 0.514616 0.460844 0.943842 0.65943 -0.88469 -0.11828 0.690014 -0.424729 0.573008
167 4.975592178601978 5.518953764589406 1.9599081878280793 0.157225 0.472924 0.487454 0.845144 -0.807192 0.575285 0.89287 -0.797039 -0.450207 -0.521358
168 4.693364219777887 5.3793921468531165 1.6702870395348686 0.453149 0.935137 -0.00940692 -0.434331 -0.399451 -0.794634 -0.422087 -0.299585 0.0521224 0.621582
169 8.993266339156769 -0.43924162503486436 1.4664804501358621 0.824422 -0.0906923 -0.947024 -0.230851 0.234043 0.0772321 -0.30294 -0.398348 0.121735 -0.248358
170 8.96367726707884 -0.6870625204526003 0.8875860310938029 0.413492 0.772475 -0.960793 0.620993 -0.112076 0.291664 0.679273 -0.457586 0.701523 -0.918115
171 3.672825160167581 5.294138987289287 0.10442000004568161 -0.209368 0.978966 0.0665052 -0.121585 0.435557 0.159531 -0.183166 -0.9717 0.497884 -0.109531
172 9.655281520741214 -0.5204512243633673 0.10690149306822694 0.00295949 -0.781826 -0.752061 -0.90727 -0.432166 -0.899473 -0.958272 -0.0410898 -0.219422 0.117047
173 4.173872867782499 6.212428537540563 0.06038563441052303 0.00991201 0.131362 0.639576 0.485604 -0.73967 -0.962024 0.252202 0.606869 -0.722665 0.500674
174 9.615402547663248 0.2541739408790872 0.7469694745389087 0.251305 -0.0969144 -0.686248 0.530083 -0.365836 -0.516823 -0.865022 0.192085 -0.0143605 -0.770673
175 8.90265868170443 0.6113780302165313 0.22473808266805248 -0.814609 0.220625 0.827527 -0.290175 -0.974819 0.424222 -0.0445509 -0.743708 0.741724 0.122347
176 9.338242732967293 1.2481871462519063 0.6802110027289696 -0.972883 -0.813268 -0.941921 -0.919315 -0.0175198 0.89152 0.181266 -0.31532 -0.139197 0.380191
177 3.084299589709022 5.16518793094537 1.6303769564288952 0.0685669 0.908901 -0.62709 -0.539141 -0.795539 0.340603 -0.816152 0.0334333 0.288366 0.618877
178 9.438656302071866 1.6478512471374205 0.4669021913706408 0.996431 0.160294 -0.432962 0.00158036 0.759925 0.211867 -0.878657 -0.209971 -0.208392 -0.655531
179 2.2150232547828863 4.001854068490637 0.27020636880200016 -0.997749 -0.988582 -0.389522 -0.476859 0.310736 0.71511 -0.637678 -0.317291 0.334681 0.758019
180 2.6426846307052614 4.338643011829635 0.15860729839715795 0.0822792 -0.988314 -0.462632 -0.616739 0.386741 -0.111805 -0.52728 0.306173 -0.56169 -0.301352
181 2.084266313852601 5.218811599233438 0.17801773678965155 -0.11852 0.658588 0.986127 -0.0218225 0.586611 0.160737 -0.0157173 -0.000238776 0.189437 0.294118
182 1.8687549443860985 6.04265656792511 0.8475124868924008 -0.789868 0.198694 -0.779928 0.349745 0.55264 0.419134 0.764037 0.0928183 0.914636 -0.586214
183 9.27475356351634 2.296474034187816 0.7453998798475718 0.988399 0.996381 -0.299242 0.544166 0.93998 -0.216248 0.466553 -0.652842 0.91528 0.235605
184 1.4096073954842627 5.735501640772996 1.4801307097571963 -0.703872 -0.52895 0.964815 -0.0106197 -0.990227 -0.556681 -0.75033 -0.302126 -0.698704 0.704034
185 8.24823396578104 3.6882712425520796 0.6103265184013024 -0.485469 0.0648819 -0.824713 -0.479006 0.754768 0.37225 -0.81252 -0.777449 -0.276798 0.153381
186 0.7832227316732471 4.776549409165312 1.7291775804269593 -0.533762 0.853152 0.102886 0.86684 -0.0111862 0.105137 0.878258 0.599291 0.628277 0.188995
187 2.271898618877478 3.689205271758425 1.7852855652162354 0.510067 -0.563739 -0.407935 -0.382448 0.990447 -0.20944 0.699701 0.53523 -0.538621 -0.42421
188 8.647694579216422 3.441929642081784 1.3915900196904982 -0.977869 -0.175112 0.562752 -0.557891 -0.397598 -0.297596 0.55069 -0.193119 0.434501 0.946034
189 9.217412244979704 3.5033618011478853 0.5972573892318342 -0.87658 0.255803 -0.697976 0.864108 0.262599 0.730135 0.711826 -0.667956 0.229621 -0.721258
190 1.6079689374606818 3.1433304618672504 1.4342200510138972 -0.12088 0.84794 -0.203127 0.629534 0.368437 0.821944 -0.0350187 -0.56835 0.900505 0.840256
191 1.6977488781763126 3.3300082677702196 0.8449207857881824 0.551535 -0.423241 -0.340716 -0.620498 0.968726 -0.992843 0.654782 -0.337042 -0.623598 -0.127006
192 6.087499785444597 5.44620090329551 1.8779456609472915 0.180814 0.235164 0.527528 0.548865 -0.431421 -0.846493 0.760017 -0.654556 -0.642027 -0.280428
193 1.0068102067757956 6.002163235984626 0.4359927372473424 0.432399 0.0947199 0.480901 -0.106248 -0.250051 0.116395 0.681608 -0.865075 0.407141 -0.558643
194 7.778533807358797 5.057981184835884 0.12476674573105385 -0.663549 0.948795 -0.913171 -0.458395 0.490343 -0.710418 -0.00764436 0.520445 0.393025 -0.477797
195 6.54093061663322 5.373947516094498 0.11313599567696012 0.367889 -0.232975 0.484243 0.430981 0.551726 -0.108414 0.324477 0.729628 0.439443 -0.23825
196 7.255231270613514 5.009826561622287 1.3722429186458904 -0.364793 0.0422708 -0.943833 -0.783837 0.251046 -0.854671 -0.0592022 0.547509 -0.692115 0.615301
197 1.6976623493053749 2.9614981962003464 1.5285013097332305 -0.896303 0.966829 0.650354 -0.445509 0.621863 0.735537 0.789661 -0.593126 0.431804 0.356717
198 0.2714502165810303 5.181301916844867 0.09285375627194149 0.483372 0.656269 -0.716335 -0.468197 0.183675 -0.65684 -0.0689257 0.944908 -0.237626 -0.320682
199 1.330139097795911 3.7908283852886955 1.6106749833857805 0.0707698 -0.385812 0.0864311 -0.069716 0.93266 -0.20925 -0.724557 -0.0435116 -0.647863 -0.970503
200 1.2136571820101858 3.430465947203749 0.11248107429017859 0.957896 -0.947002 -0.0411545 0.833408 -0.436345 0.00909197 0.639122 -0.87136 -0.238784 0.629636
201 -0.1781588946896495 4.902359217275091 1.7760698305290037 -0.0262535 0.472183 0.547006 0.619006 0.925916 0.482458 -0.940886 -0.826409 -0.0763676 0.436199
202 1.1280221620006832 6.12067734221455 1.339196929968464 0.437861 0.226384 0.663394 -0.570037 0.967678 0.514457 -0.00571609 -0.841966 0.862367 0.694664
203 8.386085141802408 5.035042364103813 0.8822684917267086 0.766776 0.396829 0.840847 0.82631 0.536854 -0.223963 -0.33946 -0.491219 -0.120748 0.987415
204 7.113929616529809 5.782092691645671 0.04670171256778546 -0.11467 -0.350817 0.404875 -0.315297 -0.899491 -0.0523909 0.82812 0.731313 -0.953354 -0.0413691
205 1.2154656221934943 6.590224215820806 0.4317184302174559 0.558383 0.0892488 -0.280181 0.293521 0.953542 -0.13568 -0.667779 0.138626 0.761403 0.0176166
206 7.274316929512072 5.805878284050586 1.581081633578823 -0.910837 -0.275366 -0.703537 -0.837445 -0.325497 0.783999 -0.315782 0.125994 -0.480445 0.572218
207 4.398908549721992 6.1905999429783485 1.845667051358389 -0.0107875 -0.383813 0.818915 -0.508941 -0.0715201 -0.545878 0.53333 -0.0153535 -0.329715 -0.215624
208 1.8870350418236785 6.540694838847808 1.596448028509968 -0.797586 -0.908234 -0.373983 -0.405675 0.0238745 -0.960727 -0.913834 -0.135361 0.266446 -0.333111
209 0.5511002992205865 5.9796911149708185 1.266265289812331 -0.698683 0.876748 0.746952 -0.954643 -0.131184 -0.989386 0.860171 -0.614945 0.406594 0.438314
210 8.350713985292181 5.459815026159454 1.0937543748970764 -0.683592 -0.328633 -0.998242 -0.677961 -0.73997 -0.133362 0.508531 0.524888 0.447511 -0.193618
211 1.034422952883962 6.75755587481555 0.12337795127247847 -0.0271644 -0.938594 0.0233461 0.0937692 -0.480435 0.147365 0.414446 0.454165 -0.62307 0.198851
212 1.2553246092661505 6.784002742693077 1.0037909814534325 -0.645631 -0.234013 0.220104 0.247822 -0.799595 -0.480147 -0.845421 0.909552 -0.478063 -0.0129028
213 6.65900633940968 6.303786611685984 1.0126538940946934 0.0187167 -0.954867 0.740344 0.218838 -0.310535 -0.1292 -0.717996 0.0859464 -0.0741768 0.739363
214 -0.3218902786272529 5.584958405762124 0.7440884409533028 0.117484 0.480253 0.366144 0.95388 -0.761578 -0.733749 -0.345913 -0.859124 -0.818209 0.193215
215 4.106840507527096 6.505340785922514 0.9076970054488308 0.664433 -0.385111 -0.8638 -0.0188704 -0.655458 -0.400961 0.876895 -0.888216 -0.0105632 0.538519
216 4.797235343396844 6.700845668131373 1.7146352316331401 0.746543 0.662075 0.958868 0.487622 0.806733 0.967191 0.333761 -0.00548297 -0.672064 0.660024
217 0.29162170764467454 6.377782013941308 0.9684714441010593 0.968528 0.0750718 0.272564 -0.717869 0.975184 0.156013 0.476047 -0.371207 0.157548 0.0707208
218 -0.016375424412528355 5.999226421026021 1.3696250690075003 -0.292163 -0.870239 0.363799 0.371776 0.863985 0.41306 0.413762 0.135915 0.274392 -0.190288
219 6.533452729068939 6.664025675981494 0.10524176231015674 0.758305 -0.410291 0.886595 0.913585 -0.145246 0.286242 0.0399528 0.480044 0.392593 0.750649
220 6.872549102384053 6.559254883580866 1.073751331586515 -0.836834 -0.105862 -0.811195 0.013309 0.998884 0.521594 0.0422509 0.531147 0.221418 0.268636
221 8.192531001872002 5.989303097640739 0.8944593090026185 0.874235 -0.349473 -0.938437 -0.310667 -0.301642 -0.184956 -0.994585 0.597865 -0.76278 -0.0403678
222 1.8586592054739715 6.988585334607733 1.4330884369678827 -0.33514 -0.939474 0.823421 -0.569482 -0.531915 0.907633 0.627697 -0.748802 -0.860526 0.724962
223 8.610838472399037 5.749136445918699 0.880910508631687 0.453692 -0.388025 0.291288 -0.691717 -0.819741 0.568978 0.718883 -0.354611 -0.236795 0.734643
224 4.68599523151199 6.907650087149385 1.604458689394073 0.785443 0.260849 0.01511 0.994105 0.497101 -0.288984 0.96396 -0.910018 -0.472767 -0.530971
225 4.330354142900017 6.9338968953132065 1.8245909238392566 0.589489 0.178854 -0.651341 -0.814686 0.653497 -0.212735 -0.855611 -0.342811 0.796955 -0.619376
226 9.201959683640506 4.909752326573494 0.14555679609120686 -0.700252 0.116726 -0.935986 0.958906 0.900746 0.622397 0.0481548 -0.379435 -0.0840818 0.00169671
227 9.126086657116534 4.804541779365575 1.7747534846314756 -0.250017 0.957943 -0.319496 -0.821494 -0.234222 0.422569 0.925639 -0.92369 -0.550291 0.875723
228 4.004281772544236 6.970992252055651 0.6542573794865454 -0.68746 -0.15134 0.168139 -0.370447 -0.20573 0.875944 0.60202 -0.388255 0.49264 0.831591
229 8.491571132611037 5.900562305717415 0.13809324095995634 0.640506 0.926489 -0.324421 -0.817356 0.262349 -0.76219 0.808451 -0.738862 -0.0156565 0.145644
230 2.0025248728497553 7.37036201641483 1.278072895408801 0.236569 0.858017 0.978294 0.576099 0.139594 -0.83104 -0.119346 -0.209869 -0.884639 0.261229
231 4.72000297563572 7.13696844810953 1.6044927040867258 -0.831057 0.991676 -0.717482 -0.914122 0.0256946 0.635679 -0.34344 -0.901112 0.335089 -0.1979
232 4.256180386792663 7.195748856116783 1.1366278763993516 -0.381805 0.123618 0.381841 -0.17697 -0.510319 0.82752 0.555061 -0.942775 -0.503485 0.669169
233 6.5886175132669065 7.140349530577329 1.7693390670576679 0.241703 -0.547877 0.127767 0.0463963 0.597894 -0.303241 0.0489119 -0.231877 0.168065 0.256177
234 8.55218724058512 6.251822846239966 1.2891783840457536 0.947503 0.133863 0.86847 0.311761 0.836989 -0.239422 0.480078 0.35569 -0.869921 0.0566326
235 0.272341061960794 6.99618615530871 0.01283995358067395 -0.986888 -0.215834 -0.31828 0.13573 0.968484 0.550821 0.496299 -0.823003 0.278877 0.961912
236 3.0417819594205056 7.704554920875858 1.6221494999176673 -0.149279 -0.52725 -0.69325 -0.701603 0.118669 -0.999189 -0.124666 -0.152447 -0.161619 -0.242068
237 2.9197267618653395 7.8428913023635785 0.21671041644222444 0.380134 0.690649 -0.0789292 0.792111 0.488414 0.516982 0.0600868 -0.869873 0.368619 -0.49211
238 8.858228842974556 6.139987432794081 1.4074655912790468 0.542774 -0.0962413 0.818657 -0.279616 0.133807 0.503108 0.760041 0.819276 -0.137606 -0.119566
239 2.7840645942178845 7.797635363442503 1.1459312476278747 0.0841597 0.359045 -0.71088 -0.429574 0.614228 0.0257161 0.422177 0.0942372 0.284679 0.363596
240 5.853509042072605 7.399975213227166 1.9834798029652567 0.428111 0.847718 0.069445 0.499486 -0.433084 0.781935 -0.485582 -0.286674 -0.850318 -0.929226
241 1.1564875231549336 7.486366917166704 1.6853731646062202 -0.428851 -0.79993 -0.943686 -0.541451 0.495974 0.58049 0.0557716 0.479026 -0.539958 -0.647828
242 0.3809501948118194 7.013332201990918 1.6291136003833881 -0.204167 0.95429 -0.485235 0.731808 -0.0896459 0.364398 -0.274497 0.146474 0.378063 -0.303513
243 2.6525251466037463 8.079044544469125 1.023184389741449 -0.433357 -0.898067 -0.796529 0.180707 0.604524 0.159357 0.224304 0.264031 0.183293 -0.571254
244 0.36677090173520205 7.020184462012791 1.7714159618656036 0.901747 -0.0544072 0.466355 -0.782355 -0.0168586 0.134778 -0.30289 0.424487 -0.571156 -0.142559
245 4.864874595280426 7.829766130361454 0.26873227276386097 0.464326 0.927597 0.861715 0.970264 0.403908 -0.56554 0.858937 -0.298863 -0.827988 -0.041285
246 4.485979942557496 7.711291686951515 1.4609834614323105 -0.392342 -0.0411466 -0.824722 -0.50493 0.354429 0.129903 -0.0654435 -0.783899 0.693593 -0.470964
247 6.133407621234154 7.7180388374108775 0.9368933501187127 0.485805 0.455553 0.461855 0.305176 0.227615 0.980329 0.593576 0.406832 0.35542 0.691053
248 3.9121279809916785 8.172849270493153 0.5489494954874348 -0.886262 -0.850989 -0.887078 0.743702 -0.0206882 -0.94269 -0.300574 0.0238575 -0.795043 0.60902
249 1.1510077063442226 7.950208382510779 1.2219552004562413 -0.677564 0.811091 -0.649315 0.980512 -0.279833 0.695432 0.848172 0.918068 0.369954 0.993716
250 3.5213829694561665 8.153046550900205 1.9338623362424245 -0.878088 -0.933482 0.0969003 0.917011 -0.544494 0.419336 0.728103 -0.19381 0.399848 -0.55173
251 6.29457705169758 7.865494501372707 1.5198292570892047 -0.417624 0.146155 0.691266 -0.994755 0.374588 -0.62927 0.107849 -0.192919 -0.774024 -0.198928
252 5.206613433439493 8.08968555594197 0.702235503324976 0.163052 -0.589119 -0.796219 -0.826087 -0.149007 0.619725 -0.619639 -0.0248603 -0.834804 -0.548754
253 3.1414937841155024 8.35138651636037 0.981506332040934 0.0139885 -0.709491 0.344344 0.231644 -0.212543 0.428689 0.428264 -0.548952 0.947083 -0.390259
254 7.555945112953336 7.722559694333258 0.06409800489273143 -0.047856 -0.70974 0.492367 0.772676 -0.597489 -0.547969 -0.728103 -0.195626 0.799444 -0.15969
255 6.531009670315524 7.94375286817145 0.11025807923193888 -0.103442 0.446212 0.705412 0.109605 0.353958 -0.875836 -0.0531377 0.578163 -0.704308 -0.0842655
256 1.484762789023129 8.658828680262998 0.3772307845257103 0.74008 -0.224017 0.870749 -0.312672 0.283843 -0.832931 0.715486 0.00146544 -0.302383 0.20907
257 3.202493821150922 8.66719519697531 1.2535907583340085 -0.71555 -0.534099 -0.691213 -0.146918 0.189664 -0.0762202 0.764484 -0.784523 -0.0549859 -0.447619
258 9.452845469549128 6.573881093062406 0.17880488005758238 0.344748 0.867661 0.197901 0.674522 -0.854457 0.391434 -0.487835 -0.459693 0.900568 -0.322562
259 2.9327724502619996 8.809546258699779 0.9293912277501599 0.21007 -0.440443 -0.771311 0.248677 0.368363 0.701957 -0.356199 0.255983 0.100825 -0.172142
260 3.003741493070734 8.698736997149846 0.4974656436312046 0.021228 0.748425 0.899615 0.417868 0.161471 -0.369325 0.544621 -0.254505 -0.171559 -0.225329
261 5.9127696494059565 8.448558997816388 0.0690548270120634 0.128971 -0.929101 -0.02496 0.143289 -0.374555 -0.416394 -0.369567 0.71795 0.13021 -0.657725
262 2.826855626220809 8.742004112148424 1.6073131782832486 -0.416059 0.864155 -0.617977 0.0149214 0.121378 -0.710813 -0.332326 -0.405625 -0.789046 -0.729104
263 3.011367104778277 8.817230305972553 0.47117342957746094 -0.741811 -0.931201 -0.8957 0.559219 -0.806746 -0.86264 -0.317569 0.670032 -0.244683 -0.643557
264 0.001986351612645604 8.04278047032823 0.291743791138624 0.568992 -0.997484 0.170229 -0.528694 -0.792735 0.792076 -0.393831 -0.986474 0.0327893 0.709821
265 8.119200459271857 8.099939479527563 1.8366004148248674 0.0753695 0.583986 -0.88177 -0.850672 0.0494187 0.459938 0.893137 0.292039 0.437887 -0.334686
266 7.822747299581871 8.393545488329066 1.5810353090959768 -0.0772994 -0.103743 -0.510799 0.544046 -0.869112 -0.531945 -0.872697 0.65881 -0.659437 0.975683
267 7.8511785308930655 8.392145404590638 1.2244309810747445 -0.110629 0.0354502 0.789648 -0.0388271 -0.146257 0.705765 -0.0442774 -0.935875 -0.249372 0.531873
268 6.897582258364098 8.580398572479782 1.184164393927739 0.934499 -0.289684 0.214832 -0.23227 -0.853812 -0.989784 0.501704 -0.972296 -0.769179 0.691912
269 8.874125213831125 7.601051258293378 0.5412800739127095 -0.796305 0.463621 0.727738 -0.0228438 0.708451 -0.126362 -0.844557 0.284826 -0.0158648 -0.304957
270 2.8782582328474575 9.250063885970112 1.3989301430443757 0.958104 -0.143936 -0.353787 -0.113578 0.220091 0.707998 -0.773275 0.904615 -0.851084 -0.82487
271 9.209350143265105 7.355655981864266 0.269893280615178 -0.855499 0.0387003 0.185084 -0.102917 -0.314605 -0.421262 -0.296043 0.320042 0.0895774 -0.965256
272 -0.06720183979706447 7.891254470954046 1.6719642161229509 -0.555551 0.505941 -0.775258 0.857206 0.211701 0.138847 0.568044 -0.823599 0.181035 -0.308075
273 8.398782854515023 8.236783309756998 1.7103916574621607 0.42728 0.766342 0.202298 -0.741307 0.0591142 -0.694207 -0.957833 -0.276013 -0.315526 0.956222
274 6.349807412144892 8.876568976011399 0.1758251201189932 0.93989 -0.0675948 -0.397025 0.273519 -0.978829 0.92431 -0.710909 0.275772 -0.63891 0.624436
275 6.627796128831159 8.86965211587855 1.3744381358026145 0.830188 0.973962 0.663063 0.302205 -0.842053 -0.831726 0.363252 0.834075 0.640631 -0.669849
276 4.764516811752801 9.11607560357296 1.508820966488673 -0.0972679 0.828181 0.731951 0.196139 -0.145513 -0.738751 -0.126487 0.814004 -0.00273544 -0.562518
277 6.955167768657184 8.989933477295713 2.0064252430253786 0.712437 0.428083 0.772187 0.488329 -0.538463 -0.275669 0.778589 0.953903 -0.502993 -0.8189
278 0.521984837311277 8.675790184697776 0.41295113662362287 -0.452965 -0.515122 0.268808 -0.40809 -0.0404977 -0.108878 -0.980781 -0.0421047 0.805151 -0.197431
279 8.722901201030748 8.074447270510245 1.5154731989414731 0.417637 -0.692236 -0.207838 0.371439 0.942278 -0.581063 0.0558511 0.800654 -0.852141 0.930203
280 8.247159262565363 8.551128405784738 1.6326449419281783 0.641851 0.936789 0.0175978 -0.990547 -0.623504 -0.425621 0.255036 -0.476228 0.497357 -0.927008
281 8.023510760565191 9.025455849725425 1.884614476718954 0.635491 -0.262955 0.665369 -0.896815 -0.796279 0.066124 0.49033 -0.501568 -0.353841 -0.620982
282 4.888414255004965 9.573387059468647 0.5480100450073558 -0.0480225 -0.243244 0.302182 0.432484 0.988756 -0.113412 -0.456119 -0.656867 0.0728633 0.0542915
283 0.6631479350523749 9.20521947947423 0.41619773289647805 -0.774835 0.314731 -0.046711 -0.359641 0.538494 0.994349 0.0419562 -0.863106 0.19074 -0.984009
284 0.1930006019925689 8.868543017859794 0.7341252102044316 -0.946435 0.62818 -0.120741 0.771118 0.268833 0.396329 -0.560216 -0.68318 0.259331 -0.886926
285 1.2017721015288003 9.638102858797964 0.7201505216791415 0.111423 0.221559 -0.955967 0.916003 0.943512 0.981186 -0.963091 0.962317 -0.997917 0.531366
286 4.327516612114264 9.64619652754764 0.2697028836948149 0.252393 -0.810886 -0.914333 -0.799374 0.599122 -0.532352 0.847985 -0.696094 0.00397849 0.445617
287 9.0323420475237 8.391058904623355 1.0632692554115168 0.398151 -0.757714 0.371572 -0.232336 0.548547 0.886103 0.832546 0.723834 -0.592904 0.587314
288 2.980780306181918 9.897841782195915 1.739760938652139 -0.350917 0.748619 0.178313 0.275542 0.518647 0.550843 0.58982 -0.474431 0.208758 -0.0588716
289 4.111261140632901 9.81623842003229 0.8777249048168857 -0.689133 0.431354 -0.921705 0.811348 0.789375 -0.388443 -0.702053 0.364163 -0.117969 -0.576232
290 0.2897603852061336 9.167541739393041 1.066365160706721 -0.82374 -0.236689 -0.188512 -0.769172 0.497672 0.153202 0.190203 -0.671276 0.381834 0.115238
291 1.493266614416477 9.821053718928425 1.699048746962546 -0.463615 0.470062 -0.0750427 0.217714 -0.168603 0.360674 0.196063 -0.136165 0.144309 -0.993336
292 7.709739692796976 9.6358482426743 1.2864899637626275 0.832951 0.706334 -0.326239 -0.493665 0.69202 0.593586 0.257783 0.348116 -0.949126 -0.0479393
293 6.153867674861904 9.832845993652514 1.5474552489281734 -0.688626 -0.858453 0.63331 -0.333017 0.641624 0.2139 0.307004 -0.069502 0.565506 -0.26387
294 5.907057376448592 9.836154826158511 0.6563333973774376 0.298478 0.273232 -0.0210093 0.448418 0.836605 -0.0543368 -0.422476 -0.987725 0.21298 0.0862877
295 7.597359855619718 9.736980095908109 0.15033553339581793 0.256892 0.0570115 -0.0382076 0.387208 0.326019 0.443698 -0.646448 -0.0914069 0.202881 0.825958
296 8.909088434592233 8.93472573884416 0.600041347106571 0.524176 -0.402777 0.983052 -0.120448 0.2964 0.489502 0.674281 -0.141431 0.970697 0.19319
297 8.928040996124798 8.80715700462367 0.9918735061658367 -0.949754 0.805714 0.564985 0.752124 0.990513 -0.639182 0.706414 -0.494721 -0.907374 -0.383232
298 0.13901539967980475 9.00599572263202 1.649888473069879 0.271423 0.434594 -0.716795 0.213938 -0.967399 -0.514226 -0.725537 0.608353 -0.686642 -0.198111
299 9.259843993274117 8.464940188223743 1.3556838832794336 0.257679 0.170461 0.609192 0.0663304 0.657976 -0.824166 0.168264 0.861447 0.356542 -0.227212
300 0.9905292762758522 9.819070534689706 1.6958080287145192 -0.387869 0.735636 -0.330823 -0.898037 0.166202 0.488817 -0.995179 0.467272 0.961482 -0.854677
301 8.944841016158362 8.906199208863264 1.2183278702847642 -0.0453756 -0.560514 -0.138328 -0.43631 0.59448 0.461981 -0.029654 0.205188 -0.628821 0.378047
302 6.956608456729088 9.937226955730349 1.613163031564808 -0.435442 0.0465599 0.884214 0.511159 0.832645 0.828317 -0.506857 -0.670916 0.669136 0.472827
303 9.691702512485017 7.7331013134338455 1.2004466515764387 -0.0182236 0.113555 0.471903 0.490836 -0.97706 0.727198 0.638644 -0.0326483 -0.51138 0.084008
304 0.576521482422904 9.746792580851373 1.12373450598777 -0.699816 0.202288 0.0652163 -0.421103 -0.0936326 0.0222374 -0.859195 -0.386759 0.515837 -0.179949
305 0.26362089023823654 9.489060748128662 1.2549796721663848 0.626775 0.684412 0.858377 0.728922 -0.125648 0.253674 0.554018 -0.745404 0.741505 -0.747587
306 8.345267144822207 10.023050406720841 1.77027507735955 0.0464324 0.78026 0.565266 0.218137 0.0724853 0.172607 -0.978717 -0.948666 -0.888042 0.317319
307 9.919222203217743 8.246556050093172 1.5917588038122208 -0.481526 -0.7116 -0.820782 0.375091 -0.902523 -0.759515 -0.565401 -0.457064 -0.0649414 0.356136
308 10.172800206830372 6.632979690142164 1.2555254461016028 -0.898265 0.175223 -0.912845 0.382518 -0.150465 0.296577 0.279144 0.431888 0.50429 -0.193395
309 9.895543704522906 4.613645814144577 1.7289997929108702 -0.494789 -0.938953 0.676128 0.472358 -0.0331016 -0.572397 -0.447422 0.555506 -0.189567 -0.874997
310 9.835143173025331 4.679875214048984 1.6199367064201546 -0.147008 -0.647242 -0.665643 -0.222325 -0.213665 0.79087 0.982304 -0.532886 -0.852502 0.031942
311 9.401638923008063 9.254327496095083 1.8219243421209703 0.959332 0.574005 0.839737 0.803005 0.901597 0.0974165 -0.0265338 0.510789 -0.836253 -0.368558
312 9.3381830838973 3.2901621696562207 0.31042897515162365 -0.493988 0.447039 0.0731277 -0.709756 -0.000453234 0.169136 0.467936 -0.206432 -0.913555 -0.836435
313 9.108575730265612 2.754422264335459 1.109981010118784 0.502878 -0.197387 -0.74945 -0.0440083 -0.0777877 -0.902722 -0.417655 0.746825 0.39853 0.143279
314 1.4222124266297707 2.3513738689355184 0.8836210868375001 0.988993 -0.644176 0.621343 0.0971595 -0.440802 -0.269265 0.944689 0.218569 0.014178 -0.536388
315 1.047824439127594 3.1114638639311765 0.0390072803837841 0.8396 -0.0115108 -0.542699 0.0880128 -0.685314 -0.338185 0.367926 -0.372283 0.0861604 -0.0940711
316 1.118084234744824 2.3447120811216324 1.2151914435394144 -0.530628 -0.612642 0.611599 0.810904 0.798053 0.720474 -0.521382 -0.721557 -0.992283 0.651193
317 -0.6416662204429358 6.273588294317027 0.4669563318360603 0.299441 -0.266976 -0.00990885 0.981139 0.469097 0.0484805 -0.101318 0.457996 0.989811 -0.327363
318 0.5898396396726001 2.980815210777871 0.7663075480229805 -0.0117552 -0.22775 -0.28538 0.229583 -0.744161 0.503275 0.0797361 -0.946488 -0.0893854 0.163092
319 0.5840860208380385 2.429176233132607 0.7416548915723746 0.0570979 0.298157 -0.0329808 -0.586699 -0.951868 -0.636283 -0.695073 -0.596589 0.738513 0.521662
320 0.8798074694182433 1.901263178896878 0.9010927914852921 0.275465 0.551331 -0.69478 0.369597 -0.834865 0.96063 0.145526 -0.728911 -0.935632 -0.100276
321 0.38308404999951856 2.5128274145458342 1.677739457552299 0.230124 0.670537 -0.112265 0.448592 -0.477599 -0.655942 0.987854 -0.599509 -0.0770482 0.11251
322 -0.1339560771572279 3.5227217094206815 0.662782111970443 -0.415667 0.256981 0.6962 0.149527 0.053151 0.980456 -0.145336 -0.0911871 -0.117177 0.533821
323 -0.05045761259523332 3.4552427991745818 1.8536662996129434 -0.437378 -0.970712 0.447469 -0.0850171 -0.976981 0.0142802 0.648431 0.90451 -0.222876 -0.669304
324 -0.5455281839016872 6.637226414917648 1.7890372658680547 0.0364577 0.555652 0.767362 -0.606662 -0.121735 -0.0609784 -0.443177 0.756868 -0.674452 0.77702
325 0.1664622826339612 2.49484531524389 0.008507539664884576 0.157625 0.343682 -0.941048 0.511891 0.199413 -0.721998 -0.712117 -0.608204 0.554821 0.688563
326 -0.8281380221860681 6.564148269406312 1.5631584598220924 0.423812 -0.189465 -0.613015 0.675972 -0.690579 0.347296 -0.352297 -0.305607 0.0650283 -0.0855207
327 0.4670684419731974 1.9010732644497157 0.9677844776254887 0.319909 0.615612 0.414649 0.612549 0.380785 -0.802948 0.206118 -0.782346 -0.422539 -0.567341
328 0.7894103955480509 1.4560269486126562 1.1623149641697061 -0.855068 -0.290085 -0.258897 0.212723 0.231102 0.707033 0.083084 -0.194724 0.0889554 0.197064
329 0.46955648025565194 1.9233890036268724 0.5460992757662603 -0.391429 0.777447 -0.0468307 -0.66036 0.219458 0.0514942 0.237851 0.192392 -0.532688 0.659617
330 0.6811784050417726 1.4468689683171128 0.6074784861880138 -0.736 0.835434 -0.133772 -0.0382378 0.376799 -0.447313 -0.910408 0.256382 0.704783 0.116574
331 -1.3875187712133294 5.656473337323701 0.7221383886830675 0.165984 -0.714991 0.503757 0.802579 -0.413575 -0.401238 0.23094 0.139862 -0.403314 0.838118
332 -1.5060060945047475 4.865393140380426 1.3748415555368594 0.669425 0.965574 -0.356171 0.665518 0.723327 -0.508353 -0.688937 0.802059 -0.798718 -0.868311
333 1.2806997549773589 0.1582557723422911 1.6743193389966902 -0.425756 -0.181035 -0.101826 0.457224 0.129919 -0.946841 0.368164 0.221809 0.972445 0.990132
334 -1.0187540703598676 3.7088367609302217 0.3802265995096582 0.630696 0.140317 0.396989 -0.766425 -0.113419 0.991225 -0.0418938 -0.124469 0.244966 0.945166
335 -1.7625590470108234 5.114138849308081 1.0137700074936755 0.795082 0.56119 -0.191728 -0.160681 -0.132625 0.814568 0.000130057 0.951868 0.616358 -0.296297
336 -1.3168306681685653 3.7327213251917657 1.4833132910901587 -0.538912 0.939179 -0.0289906 -0.78009 -0.168884 0.503105 -0.0277033 0.939853 0.817772 -0.16483
337 -1.6106767416327885 4.483677439657522 0.767824648206732 -0.117144 -0.295213 0.686816 -0.137568 -0.727208 0.987 -0.935279 0.338009 -0.434102 -0.0289121
338 -0.3643508066418826 2.2805200566648063 1.1058957979214954 0.209924 -0.0803279 0.416948 0.951345 0.10881 0.319688 0.554498 -0.358391 -0.745459 -0.432962
339 -0.06392945621416314 1.6349525748953257 0.5415247852495249 0.148815 -0.810304 -0.581444 -0.931634 -0.092654 0.538602 -0.43365 -0.0860901 -0.0283009 -0.388461
340 -1.4298839323427703 3.692494711815486 1.517582413372122 -0.133339 -0.957614 0.861787 0.68244 -0.169727 0.0519526 0.349148 0.320996 0.499283 0.749431
341 0.1459314648965734 1.2634577650231227 0.8180242669585729 -0.818872 0.828541 -0.317489 0.568303 -0.477678 -0.14722 0.545934 -0.295492 -0.263617 0.721796
342 -1.3276658567420982 3.4229263470388784 0.7982444959339968 0.87236 -0.425417 0.371344 -0.623066 0.15561 -0.0930542 -0.0853708 -0.210316 0.693174 0.295134
343 -1.0141786837230815 2.830334681971387 0.6965318040617832 0.054528 -0.489826 0.452922 0.133857 -0.0457281 -0.424836 0.676797 0.0767392 0.583197 0.904953
344 -1.0958912820998403 3.118623712012626 0.10796722134585814 -0.490627 -0.618222 -0.522979 0.0607089 0.514029 -0.241998 0.143917 -0.239433 -0.278874 0.510661
345 -1.7843599676827475 6.302698281726492 0.339775454323422 0.944388 -0.0442758 -0.955454 -0.852352 -0.0904063 0.854488 0.702408 -0.431292 -0.388881 0.169044
346 -1.4728852118105176 6.535965027392562 1.5290487043558647 -0.0413483 -0.928209 0.190487 -0.413969 -0.161721 -0.510072 0.319055 0.82837 -0.528933 -0.211848
347 -2.041872646654363 4.899017814759327 0.863574268232685 -0.18036 0.902858 -0.698931 -0.527335 -0.859498 0.259721 -0.455544 0.330989 0.845752 0.382735
348 0.6580080859303106 -0.20142830245583934 1.5280623625827348 0.810964 0.806817 -0.52067 -0.19685 -0.155989 0.0863359 0.329478 -0.641484 -0.660876 -0.46709
349 -0.6143465400111089 1.871428900928661 1.6807738486456503 0.358625 0.773204 0.533827 -0.189146 -0.85142 0.77479 -0.201936 0.898915 -0.785281 0.228532
350 -1.5160655718097298 3.070396250444181 0.7096424206611657 0.200984 -0.740048 -0.83747 -0.244006 -0.726088 0.319755 -0.771082 0.761366 0.164899 -0.578274
351 -0.6004764906188643 1.3939484037467496 1.4633816519876397 -0.380037 0.560814 0.27381 -0.588382 0.719375 0.71826 0.91756 0.944117 0.575466 0.129261
352 -2.104895960636921 4.797990561858657 1.3329985034180156 0.121663 -0.697701 -0.0107318 -0.948717 0.957559 0.0248443 0.294227 0.556386 0.789302 0.578873
353 -0.2671090405852095 1.1834358514211307 1.0424833222494445 0.697444 -0.710744 0.545737 0.955667 -0.757362 -0.184818 0.0458717 -0.953967 0.629629 0.681943
354 0.27152390213189953 0.20968776596796537 1.7418542286215544 0.0398898 -0.821094 0.262062 0.145971 -0.539264 -0.937461 -0.201109 0.309587 -0.812372 -0.618913
355 0.7097635900264219 -0.6530515868420659 1.4008514820047968 0.292211 -0.530569 0.41876 0.403501 0.106824 0.133905 -0.912969 -0.746562 0.226235 0.414595
356 0.11872683013583445 -0.014357843378950448 0.24218210723141206 -0.476233 0.886163 -0.826808 -0.415585 0.49846 -0.0518749 0.721174 0.609281 0.0167388 0.270492
357 0.7173245149635721 -1.2392107170672546 0.0008393314071464435 -0.439906 -0.372207 0.37385 -0.475829 -0.563808 -0.651901 -0.125317 -0.938749 0.893639 0.85237
358 -0.5099905369664927 1.1925956339488057 1.4792274649366088 -0.507558 -0.116429 -0.559142 9.65595e-05 -0.172068 -0.776583 0.837145 -0.910866 0.876236 0.424918
359 0.6507863522462806 -1.1091312207380257 0.6071117612945857 -0.41409 0.438827 -0.325616 -0.642949 0.0342573 0.656161 0.470606 -0.49384 0.146997 0.493546
360 -0.30179432602512524 0.4561041582018396 1.0156172875841418 -0.609299 -0.517972 -0.271535 0.65277 0.55341 -0.236703 -0.331228 0.593814 0.807924 0.644273
361 -0.5065957418030578 1.0411780201295755 0.4217473666748075 -0.228695 -0.253224 -0.72205 0.963305 0.265201 0.597859 0.578917 -0.32015 0.210408 -0.0402983
362 0.7739226999510652 -0.9320311945799005 0.37054678418832976 -0.770661 -0.313814 0.627311 -0.489216 0.230006 -0.211193 -0.69711 -0.953315 0.978288 0.431521
363 0.3530766149733594 -1.0340139711254255 1.332789456010857 -0.451329 -0.732726 0.657442 0.338354 0.232325 0.559229 -0.0807291 0.892786 0.990505 -0.0951923
364 -1.0595631625294333 1.380243148601953 0.19456119001481992 0.0184095 -0.546839 0.171693 -0.825482 -0.419792 -0.108934 -0.483608 0.234773 -0.109934 0.34957
365 -0.44740909526226097 0.12369004706599523 1.90479906602187 0.43138 -0.660551 0.898652 -0.217473 0.0395367 -0.977929 -0.961671 0.341561 0.88618 0.300928
366 -1.3023143854291646 1.3751278042275654 0.18505380361345775 0.0644367 0.987055 -0.881673 -0.93987 -0.135097 -0.357907 0.946293 0.0380956 0.226508 0.444753
367 -1.695647196759454 2.5628563233344424 1.6306668023241426 -0.363999 -0.404756 0.318223 0.428182 0.88663 -0.927022 -0.0759333 -0.50321 0.105384 0.325761
368 -0.7645166042840668 -0.1793524372470755 0.9663301440970544 -0.616979 -0.39542 0.435901 -0.694166 -0.49356 0.395233 0.879839 -0.653823 0.198238 0.781436
369 -1.040340732287899 -0.19686310288109024 0.6116787140984613 0.557441 0.358546 0.410345 -0.735391 0.574247 0.676651 -0.634387 0.555139 -0.134072 0.830405
370 -0.9783686194814142 7.788978432264053 1.949611827419048 0.906963 -0.669358 0.0752866 -0.396006 0.186727 0.0878733 0.698024 -0.767612 -0.336127 -0.615916
371 -1.2376497334345937 0.10292632859381114 0.15410044190820285 0.363751 -0.810184 0.846111 -0.298946 -0.642631 0.692483 0.774198 -0.594429 -0.972962 0.256381
372 -1.108054766254997 8.16647123283701 0.17795182636274567 0.854488 -0.774124 0.420991 0.731395 -0.417257 -0.484526 -0.71238 0.153539 -0.124107 0.247022
373 -0.2796377765626648 8.212899691423164 1.0708088470682195 0.520775 -0.210085 0.222426 0.539881 0.942201 -0.437068 -0.0124431 -0.74071 0.769863 0.624211
374 -1.0686789229764793 -0.005804344584385923 1.2577563523205302 0.541749 -0.497136 -0.277354 -0.555318 0.689805 -0.0480154 0.130868 0.317116 0.462769 -0.639126
375 -2.0445022055326776 2.7422009574469794 0.15455060152130265 -0.15632 -0.47994 0.154418 0.286783 0.326922 -0.187553 -0.928859 0.178678 -0.890651 0.370347
376 -1.8407538577881948 1.678745191334625 1.0149106343569785 0.962113 0.510301 0.538267 -0.692595 0.265316 0.622516 -0.779403 -0.892818 -0.886755 -0.855216
377 -2.089778199820832 3.7736393737004295 1.0010945572204588 0.0172131 0.648521 0.409823 -0.612297 -0.543306 0.0405188 0.52802 0.853683 0.274094 -0.5854
378 -1.9804819387411572 0.6050673222008006 0.8101266510726501 -0.621197 0.341204 -0.595347 -0.48131 -0.677013 0.267468 -0.71984 0.114963 0.160523 -0.653544
379 -2.395326584885596 3.1216112667413136 0.690735275933061 -0.767085 -0.762353 -0.734667 -0.921648 0.273257 0.394304 -0.850749 -0.751703 -0.462407 -0.225304
380 -2.2447564052129536 3.2310916082217096 1.947990478883536 0.505766 0.228551 -0.159189 -0.116608 0.727327 0.858024 -0.468087 0.13715 -0.754273 -0.0113927
381 -2.780427444920279 2.320191775085167 0.0690514002820438 -0.242402 0.00367069 0.388182 -0.964005 0.300131 0.23894 0.387384 0.0402366 0.790707 -0.51717
382 -1.633644012187527 0.13326245218806507 1.111432524743315 0.415944 -0.793552 -0.875854 -0.454529 -0.929115 -0.510046 0.606485 0.817317 0.142564 0.187172
383 -2.467046560622634 3.3701616389481104 1.6642153456269813 0.846372 0.0731449 -0.951799 -0.665444 0.482183 -0.334989 0.952538 -0.688376 0.229602 0.222713
384 -2.170716266827369 6.401089814169434 0.3525654610873873 -0.901468 -0.321224 0.762173 -0.139413 -0.933921 -0.734849 -0.141754 -0.936109 -0.385877 0.688644
385 -1.5019181326167477 0.17115918461467 1.7845861041150282 -0.194921 -0.218076 0.733377 0.67318 0.437774 0.443849 0.659527 -0.617563 0.1623 -0.441298
386 -1.5134164815026794 8.481577591146031 0.14251812531745633 0.426482 0.762388 -0.766821 -0.549322 0.0158664 -0.768497 0.556423 -0.89786 0.826175 -0.892971
387 -1.2713197463225079 8.626148397645597 0.6428913741857244 0.704319 0.345159 0.0238279 0.561387 0.754055 -0.0416735 -0.728297 -0.0311136 0.726056 -0.582109
388 -1.4984869058830819 -0.22068068804685476 0.5463931251664199 0.847127 0.669788 0.269063 0.935854 -0.81944 0.381526 0.121651 0.424061 -0.589178 0.374483
389 -2.5299785113338342 5.526049095868891 1.89199952116905 -0.529223 -0.165898 -0.52311 0.99705 0.954455 0.795794 0.301849 0.604161 -0.386456 0.416842
390 -1.4375522145247808 8.953382377468339 0.5843159636247027 -0.150985 -0.239448 0.305884 -0.431382 -0.410502 0.541223 -0.244189 0.381588 0.769753 0.396885
391 -3.1625002133365325 1.9760985132972642 0.17493259795843227 -0.806835 0.0299248 -0.664679 -0.036965 0.357343 -0.0920386 -0.261044 0.00946772 -0.00154781 -0.302784
392 -3.075771981408863 4.866732212164811 1.510840533762276 -0.263404 -0.14825 0.480009 -0.741038 0.941419 -0.638511 0.91755 0.927547 0.339667 0.504161
393 -2.7644838857926017 6.490216534177886 0.09870940742795747 -0.392726 0.341782 -0.0774235 0.0674467 0.322636 -0.57119 -0.867183 -0.240172 0.554532 0.274679
394 -2.718558547057412 6.470878772265957 0.32798030306122067 0.825798 0.544241 0.520071 0.393325 -0.98472 -0.0257384 0.0265256 -0.627 0.251381 -0.0168152
